(title "Modified Turbulent Viscosity")
(labels "Position" "Modified Turbulent Viscosity")

((xy/key/label "outlet")
0	8.45357e-06
2.54087e-05	1.72794e-05
5.18286e-05	3.54405e-05
7.93e-05	5.40938e-05
0.000107865	7.29512e-05
0.000137566	9.14163e-05
0.00016845	0.000109444
0.000200563	0.000127103
0.000233953	0.000144373
0.000268673	0.00016122
0.000304774	0.000177617
0.000342313	0.000193536
0.000381345	0.000208951
0.000421931	0.00022383
0.000464131	0.000238143
0.000508012	0.000251855
0.000553639	0.000264931
0.000601081	0.00027733
0.000601081	0.00027733
0.000650412	0.00028901
0.000701706	0.000299927
0.000755042	0.000310032
0.0008105	0.000319274
0.000868165	0.000327599
0.000928125	0.000334949
0.000990472	0.000341265
0.0010553	0.000346483
0.00112271	0.000350538
0.0011928	0.000353364
0.00126568	0.000354893
0.00134146	0.000355056
0.00142026	0.000353785
0.00150219	0.000351016
0.00158738	0.000346689
0.00158738	0.000346689
0.00167597	0.000340751
0.00176808	0.000333164
0.00186385	0.000323904
0.00196344	0.000312976
0.00206699	0.000300422
0.00217466	0.000286331
0.00228662	0.000270867
0.00240303	0.000254284
0.00252407	0.000236962
0.00264994	0.000219429
0.00278081	0.00020238
0.00291689	0.000186648
0.00305839	0.000173111
0.00320551	0.000162557
0.0033585	0.000155701
0.0033585	0.000155701
0.00351757	0.00015242
0.00368297	0.000151399
0.00385496	0.000151477
0.00403379	0.000152128
0.00421973	0.000153025
0.00441308	0.000153959
0.00461412	0.0001548
0.00482317	0.000155465
0.00504053	0.000155899
0.00526654	0.000156068
0.00550155	0.000155952
0.00574591	0.000155528
0.006	0.000155227
)
