(title "Wall Shear Stress")
(labels "Position" "Wall Shear Stress")

((xy/key/label "wall")
0	20.5599
0.00125	15.8407
0.0025	9.03464
0.00375	6.35082
0.005	5.4763
0.00625	5.03308
0.0075	4.75666
0.00875	4.56664
0.01	4.42815
0.01125	4.32307
0.0125	4.2409
0.01375	4.17494
0.01375	4.17494
0.015	4.12051
0.01625	4.07438
0.0175	4.03439
0.01875	3.99904
0.02	3.9673
0.02125	3.93845
0.0225	3.91193
0.02375	3.88732
0.025	3.86432
0.02625	3.84267
0.0275	3.82219
0.02875	3.80272
0.03	3.78415
0.03	3.78415
0.03125	3.76636
0.0325	3.74928
0.03375	3.73282
0.035	3.71694
0.03625	3.70157
0.0375	3.68669
0.03875	3.67225
0.04	3.65823
0.04125	3.64458
0.0425	3.63129
0.04375	3.61834
0.045	3.60569
0.04625	3.59336
0.04625	3.59336
0.0475	3.58132
0.04875	3.56954
0.05	3.55803
0.05125	3.54676
0.0525	3.53574
0.05375	3.52495
0.055	3.51436
0.05625	3.504
0.0575	3.49384
0.05875	3.48387
0.06	3.47409
0.06125	3.4645
0.0625	3.45507
0.06375	3.44581
0.065	3.43672
0.06625	3.42777
0.06625	3.42777
0.0675	3.41897
0.06875	3.41033
0.07	3.40181
0.07125	3.39343
0.0725	3.38518
0.07375	3.37705
0.075	3.36904
0.07625	3.36115
0.0775	3.35338
0.07875	3.34571
0.08	3.33815
0.08125	3.3307
0.08125	3.3307
0.0825	3.32334
0.08375	3.31609
0.085	3.30894
0.08625	3.30188
0.0875	3.2949
0.08875	3.28802
0.09	3.28123
0.09125	3.27452
0.0925	3.2679
0.09375	3.26136
0.095	3.25489
0.09625	3.24851
0.09625	3.24851
0.0975	3.2422
0.09875	3.23596
0.1	3.2298
0.10125	3.22371
0.1025	3.21768
0.10375	3.21171
0.105	3.20581
0.10625	3.19997
0.1075	3.19419
0.10875	3.18845
0.11	3.18277
0.11125	3.17714
0.11125	3.17714
0.1125	3.17156
0.11375	3.16601
0.115	3.1605
0.11625	3.15503
0.1175	3.14957
0.11875	3.14416
0.12	3.13863
0.12125	3.13337
0.1225	3.13489
0.12375	3.12377
0.125	3.1087
)
