(title "X Velocity")
(labels "Position" "X Velocity")

((xy/key/label "outlet")
0	0
2.54087e-05	4.25318
5.18286e-05	8.50489
7.93e-05	12.3539
0.000107865	15.3827
0.000137566	17.5318
0.00016845	19.0418
0.000200563	20.1634
0.000233953	21.0539
0.000268673	21.8013
0.000304774	22.4553
0.000342313	23.0451
0.000381345	23.589
0.000421931	24.0986
0.000464131	24.5823
0.000508012	25.0456
0.000553639	25.493
0.000601081	25.9274
0.000601081	25.9274
0.000650412	26.3515
0.000701706	26.767
0.000755042	27.1755
0.0008105	27.5782
0.000868165	27.976
0.000928125	28.3696
0.000990472	28.7595
0.0010553	29.1461
0.00112271	29.5296
0.0011928	29.9099
0.00126568	30.287
0.00134146	30.6606
0.00142026	31.0302
0.00150219	31.395
0.00158738	31.7542
0.00158738	31.7542
0.00167597	32.1066
0.00176808	32.4507
0.00186385	32.7847
0.00196344	33.1065
0.00206699	33.4135
0.00217466	33.7026
0.00228662	33.9705
0.00240303	34.2133
0.00252407	34.4268
0.00264994	34.6068
0.00278081	34.7499
0.00291689	34.854
0.00305839	34.9201
0.00320551	34.9526
0.0033585	34.9603
0.0033585	34.9603
0.00351757	34.9531
0.00368297	34.938
0.00385496	34.9196
0.00403379	34.9002
0.00421973	34.8807
0.00441308	34.8617
0.00461412	34.8433
0.00482317	34.8255
0.00504053	34.8086
0.00526654	34.7928
0.00550155	34.7786
0.00574591	34.7665
0.006	34.761
)
