(title "Wall Yplus")
(labels "Position" "Wall Yplus")

((xy/key/label "wall")
0	3.3566
0.00125	2.91216
0.0025	2.20905
0.00375	1.86264
0.005	1.731
0.00625	1.65978
0.0075	1.61367
0.00875	1.58116
0.01	1.55702
0.01125	1.53845
0.0125	1.52377
0.01375	1.51188
0.01375	1.51188
0.015	1.50199
0.01625	1.49356
0.0175	1.48622
0.01875	1.47969
0.02	1.47381
0.02125	1.46844
0.0225	1.46349
0.02375	1.45888
0.025	1.45455
0.02625	1.45048
0.0275	1.4466
0.02875	1.44292
0.03	1.43939
0.03	1.43939
0.03125	1.436
0.0325	1.43274
0.03375	1.42959
0.035	1.42655
0.03625	1.42359
0.0375	1.42073
0.03875	1.41794
0.04	1.41523
0.04125	1.41259
0.0425	1.41001
0.04375	1.4075
0.045	1.40503
0.04625	1.40263
0.04625	1.40263
0.0475	1.40028
0.04875	1.39797
0.05	1.39572
0.05125	1.3935
0.0525	1.39134
0.05375	1.38921
0.055	1.38712
0.05625	1.38508
0.0575	1.38307
0.05875	1.38109
0.06	1.37915
0.06125	1.37724
0.0625	1.37537
0.06375	1.37352
0.065	1.37171
0.06625	1.36992
0.06625	1.36992
0.0675	1.36816
0.06875	1.36643
0.07	1.36473
0.07125	1.36304
0.0725	1.36138
0.07375	1.35975
0.075	1.35813
0.07625	1.35654
0.0775	1.35497
0.07875	1.35342
0.08	1.35189
0.08125	1.35038
0.08125	1.35038
0.0825	1.34889
0.08375	1.34742
0.085	1.34596
0.08625	1.34453
0.0875	1.34311
0.08875	1.3417
0.09	1.34032
0.09125	1.33895
0.0925	1.33759
0.09375	1.33625
0.095	1.33493
0.09625	1.33362
0.09625	1.33362
0.0975	1.33232
0.09875	1.33104
0.1	1.32977
0.10125	1.32851
0.1025	1.32727
0.10375	1.32604
0.105	1.32482
0.10625	1.32361
0.1075	1.32242
0.10875	1.32123
0.11	1.32005
0.11125	1.31888
0.11125	1.31888
0.1125	1.31772
0.11375	1.31657
0.115	1.31542
0.11625	1.31428
0.1175	1.31315
0.11875	1.31202
0.12	1.31086
0.12125	1.30976
0.1225	1.31008
0.12375	1.30775
0.125	1.30459
)
