(title "Wall Shear Stress")
(labels "Position" "Wall Shear Stress")

((xy/key/label "wall")
0	3.20542
0.000402496	3.20243
0.000864559	3.19461
0.00142902	3.18361
0.00212847	3.16937
0.00301656	3.15079
0.00410737	3.12756
0.00545928	3.09865
0.00711078	3.06398
0.00910791	3.02331
0.0113949	2.97843
0.013908	2.9308
0.0164368	2.88367
0.0189656	2.83633
0.0214944	2.78855
0.0240232	2.74025
0.026552	2.69141
0.0290808	2.64198
0.0316095	2.59193
0.0341383	2.5412
0.0366671	2.48974
0.0391959	2.4375
0.0417247	2.38442
0.0442535	2.33044
0.0467823	2.27547
0.0493111	2.21946
0.0518399	2.16231
0.0543687	2.10395
0.0568975	2.04428
0.0594263	1.98323
0.061955	1.92068
0.0644838	1.85656
0.0670126	1.79079
0.0695414	1.72331
0.0720702	1.65411
0.074599	1.58324
0.0771278	1.51086
0.0796566	1.43729
0.0821854	1.36306
0.0847142	1.28893
0.087243	1.21598
0.0897718	1.14564
0.0923005	1.07938
0.0948293	1.0187
0.0973581	0.964921
0.0998869	0.919002
0.102416	0.881424
0.104945	0.852112
0.107473	0.830521
0.110002	0.815741
0.112531	0.806625
0.11506	0.801907
0.11506	0.801907
0.117588	0.800401
0.120117	0.800966
0.122646	0.802306
0.125175	0.803324
0.127704	0.803513
0.130232	0.802753
0.132761	0.801064
0.13529	0.798528
0.137819	0.795232
0.140348	0.791282
0.142876	0.786811
0.145405	0.781958
0.147934	0.776864
0.150463	0.771645
0.152992	0.766392
0.15552	0.76118
0.158049	0.756063
0.160578	0.751072
0.163107	0.746222
0.165636	0.74152
0.168164	0.736961
0.170693	0.732535
0.173222	0.728226
0.175751	0.724019
0.178279	0.719901
0.180808	0.715855
0.183337	0.711871
0.185866	0.707938
0.188395	0.70405
0.190923	0.7002
0.193452	0.696385
0.195981	0.692603
0.19851	0.688854
0.201039	0.685137
0.203567	0.681454
0.206096	0.677806
0.208625	0.674194
0.211154	0.670619
0.213683	0.667082
0.216211	0.663585
0.21874	0.660128
0.221269	0.656711
0.223798	0.653336
0.226327	0.650001
0.228855	0.646707
0.231384	0.643453
0.233913	0.640239
0.236442	0.637066
0.23897	0.633931
0.241499	0.630834
0.244028	0.627776
0.246557	0.624754
0.246557	0.624754
0.249086	0.621769
0.251614	0.618821
0.254143	0.615909
0.256672	0.613032
0.259201	0.610189
0.26173	0.60738
0.264258	0.604605
0.266787	0.601862
0.269316	0.599153
0.271845	0.596476
0.274374	0.593831
0.276902	0.591218
0.279431	0.588635
0.28196	0.586083
0.284489	0.583562
0.287017	0.58107
0.289546	0.578607
0.292075	0.576174
0.294604	0.573769
0.297133	0.571392
0.299661	0.569042
0.30219	0.56672
0.304719	0.564425
0.307248	0.562157
0.309777	0.559914
0.312305	0.557697
0.314834	0.555505
0.317363	0.553339
0.319892	0.551196
0.322421	0.549078
0.324949	0.546983
0.327478	0.544912
0.330007	0.542863
0.332536	0.540837
0.335065	0.538833
0.337593	0.53685
0.340122	0.53489
0.342651	0.532951
0.34518	0.531032
0.347708	0.529134
0.350237	0.527256
0.352766	0.525398
0.355295	0.52356
0.357824	0.52174
0.360352	0.51994
0.362881	0.518159
0.36541	0.516396
0.367939	0.514651
0.370468	0.512924
0.372996	0.511214
0.375525	0.509521
0.378054	0.507845
0.380583	0.506186
0.380583	0.506186
0.383112	0.504543
0.38564	0.502917
0.388169	0.501306
0.390698	0.499711
0.393227	0.498132
0.395756	0.496567
0.398284	0.495018
0.400813	0.493483
0.403342	0.491963
0.405871	0.490456
0.408399	0.488964
0.410928	0.487486
0.413457	0.486021
0.415986	0.48457
0.418515	0.483132
0.421043	0.481707
0.423572	0.480295
0.426101	0.478896
0.42863	0.477509
0.431159	0.476134
0.433687	0.474771
0.436216	0.473421
0.438745	0.472082
0.441274	0.470754
0.443803	0.469439
0.446331	0.468134
0.44886	0.46684
0.451389	0.465558
0.453918	0.464286
0.456447	0.463025
0.458975	0.461774
0.461504	0.460533
0.464033	0.459303
0.466562	0.458082
0.46909	0.456872
0.471619	0.455672
0.474148	0.454481
0.476677	0.453299
0.479206	0.452123
0.481734	0.450953
0.484263	0.449788
0.486792	0.448627
0.489269	0.447491
0.491456	0.446489
0.493332	0.445632
0.494872	0.44493
0.496132	0.444356
0.49715	0.443892
0.497982	0.44351
0.498645	0.443194
0.499181	0.443111
0.499627	0.442851
0.5	0.442601
)
