(title "Wall Shear Stress")
(labels "Position" "Wall Shear Stress")

((xy/key/label "wall")
0	4.26295
0.000303735	4.26127
0.000638875	4.25337
0.00106936	4.23568
0.00179685	4.20242
0.00278901	4.15916
0.00378995	4.11707
0.00479089	4.07457
0.00579183	4.03156
0.00679277	3.98804
0.00779371	3.94403
0.00879465	3.89956
0.00979559	3.85467
0.0107965	3.80937
0.0117975	3.76365
0.0127984	3.7175
0.0137993	3.67093
0.0148003	3.62391
0.0158012	3.57644
0.0168022	3.5285
0.0178031	3.48006
0.018804	3.4311
0.019805	3.38159
0.0208059	3.33152
0.0218069	3.28084
0.0228078	3.22954
0.0238087	3.17756
0.0248097	3.12489
0.0258106	3.07147
0.0268116	3.01727
0.0278125	2.96225
0.0288134	2.90636
0.0298144	2.84958
0.0308153	2.79186
0.0318163	2.73315
0.0328172	2.67342
0.0338181	2.61264
0.0348191	2.55077
0.03582	2.48781
0.036821	2.42373
0.0378219	2.35857
0.0388228	2.29243
0.0398238	2.22534
0.0408247	2.15736
0.0418257	2.08865
0.0428266	2.01941
0.0438275	1.94989
0.0448285	1.88036
0.0458294	1.81119
0.0468303	1.7428
0.0478313	1.67568
0.0488322	1.6103
0.0498332	1.54716
0.0508341	1.48675
0.051835	1.42955
0.052836	1.37595
0.0538369	1.32632
0.0548379	1.28094
0.0558388	1.23991
0.0568397	1.20345
0.0578407	1.17147
0.0588416	1.14379
0.0598426	1.12034
0.0608435	1.10074
0.0618444	1.0847
0.0628454	1.0719
0.0638463	1.06194
0.0648473	1.05447
0.0658482	1.04911
0.0668491	1.0455
0.0678501	1.04331
0.068851	1.04222
0.069852	1.04201
0.0708529	1.04249
0.0718538	1.04339
0.0728548	1.0444
0.0738557	1.04527
0.0748567	1.04581
0.0758576	1.04594
0.0768585	1.04565
0.0778595	1.04495
0.0788604	1.04383
0.0798614	1.04229
0.0808623	1.04034
0.0818632	1.03801
0.0828642	1.03533
0.0838651	1.03231
0.084866	1.02899
0.085867	1.02542
0.0868679	1.02162
0.0878689	1.01763
0.0888698	1.01347
0.0898707	1.00919
0.0908717	1.00482
0.0918726	1.00038
0.0928736	0.995896
0.0938745	0.991391
0.0948754	0.986885
0.0958764	0.982392
0.0968773	0.977928
0.0978783	0.973503
0.0988792	0.969128
0.0998801	0.964808
0.100881	0.960549
0.101882	0.956355
0.102883	0.952227
0.103884	0.948167
0.104885	0.944176
0.105886	0.940251
0.106887	0.936389
0.107888	0.932589
0.108889	0.928848
0.10989	0.925166
0.11089	0.921539
0.111891	0.917962
0.112892	0.914434
0.113893	0.910951
0.114894	0.907511
0.115895	0.90411
0.116896	0.900747
0.117897	0.897418
0.118898	0.894123
0.119899	0.890858
0.1209	0.887623
0.121901	0.884416
0.122902	0.881236
0.122902	0.881236
0.123903	0.878082
0.124904	0.874952
0.125905	0.871847
0.126906	0.868765
0.127906	0.865707
0.128907	0.862672
0.129908	0.85966
0.130909	0.856669
0.13191	0.8537
0.132911	0.850753
0.133912	0.847829
0.134913	0.844927
0.135914	0.842048
0.136915	0.83919
0.137916	0.836355
0.138917	0.833543
0.139918	0.830752
0.140919	0.827984
0.14192	0.825239
0.142921	0.822516
0.143921	0.819815
0.144922	0.817137
0.145923	0.814481
0.146924	0.811847
0.147925	0.809235
0.148926	0.806645
0.149927	0.804077
0.150928	0.80153
0.151929	0.799005
0.15293	0.796501
0.153931	0.794018
0.154932	0.791556
0.155933	0.789115
0.156934	0.786695
0.157935	0.784295
0.158936	0.781915
0.159937	0.779556
0.160937	0.777216
0.161938	0.774896
0.162939	0.772595
0.16394	0.770314
0.164941	0.768051
0.165942	0.765807
0.166943	0.763581
0.167944	0.761374
0.168945	0.759185
0.169946	0.757013
0.170947	0.75486
0.171948	0.752723
0.172949	0.750604
0.17395	0.748502
0.174951	0.746417
0.175952	0.744348
0.176952	0.742296
0.177953	0.74026
0.178954	0.738241
0.179955	0.736237
0.180956	0.734249
0.181957	0.732276
0.182958	0.730319
0.183959	0.728377
0.18496	0.726451
0.185961	0.724539
0.186962	0.722642
0.187963	0.720759
0.188964	0.718891
0.189965	0.717037
0.190966	0.715197
0.191967	0.713371
0.192968	0.711559
0.193968	0.709761
0.194969	0.707976
0.19597	0.706204
0.196971	0.704445
0.197972	0.7027
0.198973	0.700967
0.199974	0.699247
0.200975	0.69754
0.201976	0.695845
0.202977	0.694163
0.203978	0.692492
0.204979	0.690834
0.20598	0.689188
0.206981	0.687553
0.207982	0.68593
0.208983	0.684319
0.209983	0.682719
0.210984	0.68113
0.211985	0.679553
0.212986	0.677987
0.213987	0.676431
0.214988	0.674886
0.215989	0.673352
0.21699	0.671829
0.217991	0.670316
0.218992	0.668813
0.219993	0.66732
0.220994	0.665838
0.221995	0.664365
0.222996	0.662903
0.223997	0.66145
0.224998	0.660006
0.225999	0.658573
0.226999	0.657149
0.228	0.655734
0.229001	0.654328
0.230002	0.652932
0.231003	0.651544
0.232004	0.650166
0.233005	0.648796
0.234006	0.647435
0.235007	0.646083
0.236008	0.644739
0.237009	0.643404
0.23801	0.642077
0.239011	0.640759
0.240012	0.639449
0.241013	0.638147
0.242014	0.636853
0.243014	0.635567
0.244015	0.634289
0.245016	0.633018
0.246017	0.631756
0.247018	0.630501
0.248019	0.629254
0.24902	0.628014
0.250021	0.626781
0.251022	0.625556
0.252023	0.624338
0.253024	0.623128
0.253024	0.623128
0.254025	0.621924
0.255026	0.620728
0.256027	0.619538
0.257028	0.618356
0.258029	0.61718
0.25903	0.616011
0.26003	0.614849
0.261031	0.613693
0.262032	0.612544
0.263033	0.611402
0.264034	0.610266
0.265035	0.609136
0.266036	0.608013
0.267037	0.606896
0.268038	0.605785
0.269039	0.60468
0.27004	0.603581
0.271041	0.602489
0.272042	0.601402
0.273043	0.600321
0.274044	0.599247
0.275045	0.598178
0.276045	0.597115
0.277046	0.596057
0.278047	0.595005
0.279048	0.593959
0.280049	0.592918
0.28105	0.591883
0.282051	0.590853
0.283052	0.589829
0.284053	0.58881
0.285054	0.587796
0.286055	0.586788
0.287056	0.585785
0.288057	0.584787
0.289058	0.583794
0.290059	0.582806
0.29106	0.581824
0.292061	0.580846
0.293061	0.579873
0.294062	0.578905
0.295063	0.577942
0.296064	0.576984
0.297065	0.57603
0.298066	0.575082
0.299067	0.574137
0.300068	0.573198
0.301069	0.572263
0.30207	0.571333
0.303071	0.570408
0.304072	0.569486
0.305073	0.56857
0.306074	0.567658
0.307075	0.56675
0.308076	0.565846
0.309076	0.564947
0.310077	0.564052
0.311078	0.563162
0.312079	0.562275
0.31308	0.561393
0.314081	0.560515
0.315082	0.559641
0.316083	0.558772
0.317084	0.557906
0.318085	0.557044
0.319086	0.556186
0.320087	0.555333
0.321088	0.554483
0.322089	0.553637
0.32309	0.552795
0.324091	0.551956
0.325092	0.551122
0.326092	0.550291
0.327093	0.549465
0.328094	0.548641
0.329095	0.547822
0.330096	0.547006
0.331097	0.546194
0.332098	0.545385
0.333099	0.544581
0.3341	0.543779
0.335101	0.542981
0.336102	0.542187
0.337103	0.541396
0.338104	0.540609
0.339105	0.539825
0.340106	0.539044
0.341107	0.538267
0.342107	0.537493
0.343108	0.536722
0.344109	0.535955
0.34511	0.535191
0.346111	0.53443
0.347112	0.533673
0.348113	0.532919
0.349114	0.532168
0.350115	0.53142
0.351116	0.530675
0.352117	0.529933
0.353118	0.529195
0.354119	0.528459
0.35512	0.527727
0.356121	0.526998
0.357122	0.526271
0.358123	0.525548
0.359123	0.524827
0.360124	0.52411
0.361125	0.523395
0.362126	0.522684
0.363127	0.521975
0.364128	0.521269
0.365129	0.520566
0.36613	0.519866
0.367131	0.519169
0.368132	0.518475
0.369133	0.517783
0.370134	0.517094
0.371135	0.516408
0.372136	0.515724
0.373137	0.515043
0.374138	0.514365
0.375138	0.51369
0.376139	0.513017
0.37714	0.512347
0.37714	0.512347
0.378141	0.511679
0.379142	0.511014
0.380143	0.510352
0.381144	0.509692
0.382145	0.509035
0.383146	0.50838
0.384147	0.507728
0.385148	0.507078
0.386149	0.506431
0.38715	0.505786
0.388151	0.505144
0.389152	0.504504
0.390153	0.503867
0.391154	0.503232
0.392154	0.502599
0.393155	0.501969
0.394156	0.501341
0.395157	0.500715
0.396158	0.500092
0.397159	0.499471
0.39816	0.498852
0.399161	0.498236
0.400162	0.497622
0.401163	0.49701
0.402164	0.4964
0.403165	0.495793
0.404166	0.495188
0.405167	0.494585
0.406168	0.493984
0.407169	0.493385
0.408169	0.492789
0.40917	0.492195
0.410171	0.491603
0.411172	0.491013
0.412173	0.490425
0.413174	0.489839
0.414175	0.489255
0.415176	0.488673
0.416177	0.488094
0.417178	0.487516
0.418179	0.486941
0.41918	0.486367
0.420181	0.485795
0.421182	0.485226
0.422183	0.484658
0.423184	0.484093
0.424185	0.483529
0.425185	0.482967
0.426186	0.482408
0.427187	0.48185
0.428188	0.481294
0.429189	0.48074
0.43019	0.480187
0.431191	0.479637
0.432192	0.479089
0.433193	0.478542
0.434194	0.477997
0.435195	0.477454
0.436196	0.476913
0.437197	0.476374
0.438198	0.475836
0.439199	0.4753
0.4402	0.474766
0.4412	0.474234
0.442201	0.473704
0.443202	0.473175
0.444203	0.472648
0.445204	0.472122
0.446205	0.471598
0.447206	0.471076
0.448207	0.470556
0.449208	0.470037
0.450209	0.46952
0.45121	0.469005
0.452211	0.468491
0.453212	0.467979
0.454213	0.467468
0.455214	0.466959
0.456215	0.466452
0.457216	0.465946
0.458216	0.465441
0.459217	0.464938
0.460218	0.464437
0.461219	0.463937
0.46222	0.463439
0.463221	0.462942
0.464222	0.462446
0.465223	0.461952
0.466224	0.461459
0.467225	0.460968
0.468226	0.460478
0.469227	0.459989
0.470228	0.459502
0.471229	0.459015
0.47223	0.45853
0.473231	0.458047
0.474231	0.457564
0.475232	0.457083
0.476233	0.456603
0.477234	0.456124
0.478235	0.455646
0.479236	0.455169
0.480237	0.454692
0.481238	0.454217
0.482239	0.453743
0.48324	0.453269
0.484241	0.452796
0.485242	0.452324
0.486243	0.451853
0.487244	0.451381
0.488245	0.450911
0.489246	0.45044
0.490247	0.44997
0.491247	0.4495
0.492248	0.449029
0.493249	0.448559
0.49425	0.448087
0.495251	0.447616
0.496249	0.447142
0.49714	0.44673
0.497877	0.446378
0.498481	0.446126
0.498975	0.445879
0.499379	0.445771
0.499711	0.445654
0.5	0.44553
)
