(title "Wall Shear Stress")
(labels "Position" "Wall Shear Stress")

((xy/key/label "wall")
0	3.20293
0.000401932	3.20076
0.000863187	3.19388
0.00152659	3.18126
0.00248702	3.16345
0.00348577	3.14568
0.00448522	3.12808
0.00548468	3.1103
0.00648413	3.09233
0.00748358	3.07422
0.00848303	3.05599
0.00948248	3.03766
0.0104819	3.01922
0.0114814	3.00069
0.0124808	2.98206
0.0134803	2.96335
0.0144797	2.94455
0.0154792	2.92567
0.0164787	2.90671
0.0174781	2.88766
0.0184776	2.86853
0.019477	2.84932
0.0204765	2.83001
0.0214759	2.81063
0.0224754	2.79115
0.0234748	2.77158
0.0244743	2.75191
0.0254737	2.73215
0.0264732	2.71229
0.0274726	2.69233
0.0284721	2.67227
0.0294715	2.6521
0.030471	2.63182
0.0314704	2.61143
0.0324699	2.59092
0.0334693	2.57029
0.0344688	2.54954
0.0354682	2.52867
0.0364677	2.50766
0.0374671	2.48652
0.0384666	2.46523
0.0394661	2.44381
0.0404655	2.42224
0.041465	2.40051
0.0424644	2.37863
0.0434639	2.35659
0.0444633	2.33438
0.0454628	2.312
0.0464622	2.28944
0.0474617	2.2667
0.0484611	2.24377
0.0494606	2.22065
0.05046	2.19733
0.0514595	2.1738
0.0524589	2.15006
0.0534584	2.1261
0.0544578	2.10191
0.0554573	2.07749
0.0564567	2.05284
0.0574562	2.02795
0.0584556	2.0028
0.0594551	1.97741
0.0604545	1.95175
0.061454	1.92582
0.0624535	1.89963
0.0634529	1.87316
0.0644524	1.8464
0.0654518	1.81937
0.0664513	1.79204
0.0674507	1.76444
0.0684502	1.73654
0.0694496	1.70834
0.0704491	1.67986
0.0714485	1.65111
0.072448	1.62209
0.0734474	1.59281
0.0744469	1.56329
0.0754463	1.53355
0.0764458	1.50361
0.0774452	1.4735
0.0784447	1.44327
0.0794441	1.41294
0.0804436	1.38257
0.081443	1.3522
0.0824425	1.3219
0.083442	1.29176
0.0844414	1.26184
0.0854409	1.23224
0.0864403	1.20303
0.0874398	1.17433
0.0884392	1.14623
0.0894387	1.11882
0.0904381	1.0922
0.0914376	1.06647
0.092437	1.04173
0.0934365	1.01807
0.0944359	0.995561
0.0954354	0.974282
0.0964348	0.954286
0.0974343	0.935616
0.0984337	0.918302
0.0994332	0.902362
0.100433	0.887801
0.101432	0.874605
0.102432	0.862752
0.103431	0.852206
0.10443	0.842914
0.10543	0.834815
0.106429	0.827846
0.107429	0.821932
0.108428	0.816995
0.109428	0.812951
0.110427	0.809715
0.111427	0.807207
0.112426	0.805357
0.113426	0.804094
0.114425	0.803326
0.115424	0.802967
0.116424	0.802978
0.117423	0.803308
0.118423	0.803863
0.119422	0.804547
0.120422	0.805267
0.121421	0.805934
0.122421	0.806477
0.12342	0.806847
0.124419	0.807029
0.125419	0.807037
0.126418	0.806884
0.127418	0.806578
0.127418	0.806578
0.128417	0.806125
0.129417	0.805533
0.130416	0.804803
0.131416	0.803933
0.132415	0.802928
0.133415	0.801791
0.134414	0.800528
0.135413	0.799147
0.136413	0.797657
0.137412	0.796065
0.138412	0.794381
0.139411	0.792617
0.140411	0.790782
0.14141	0.788886
0.14241	0.786937
0.143409	0.784944
0.144409	0.782915
0.145408	0.780859
0.146407	0.778783
0.147407	0.776691
0.148406	0.774592
0.149406	0.772488
0.150405	0.770387
0.151405	0.768292
0.152404	0.766207
0.153404	0.764136
0.154403	0.762081
0.155403	0.760044
0.156402	0.758028
0.157401	0.756033
0.158401	0.75406
0.1594	0.752111
0.1604	0.750185
0.161399	0.748284
0.162399	0.746406
0.163398	0.744552
0.164398	0.742721
0.165397	0.740912
0.166396	0.739124
0.167396	0.737357
0.168395	0.73561
0.169395	0.733882
0.170394	0.732171
0.171394	0.730477
0.172393	0.728799
0.173393	0.727135
0.174392	0.725485
0.175392	0.723848
0.176391	0.722223
0.17739	0.720609
0.17839	0.719006
0.179389	0.717412
0.180389	0.715827
0.181388	0.714251
0.182388	0.712682
0.183387	0.71112
0.184387	0.709566
0.185386	0.708018
0.186386	0.706475
0.187385	0.704939
0.188384	0.703409
0.189384	0.701884
0.190383	0.700364
0.191383	0.69885
0.192382	0.69734
0.193382	0.695836
0.194381	0.694337
0.195381	0.692843
0.19638	0.691354
0.197379	0.68987
0.198379	0.688391
0.199378	0.686918
0.200378	0.68545
0.201377	0.683987
0.202377	0.68253
0.203376	0.681078
0.204376	0.679632
0.205375	0.678192
0.206375	0.676758
0.207374	0.67533
0.208373	0.673907
0.209373	0.672491
0.210372	0.67108
0.211372	0.669676
0.212371	0.668278
0.213371	0.666887
0.21437	0.665502
0.21537	0.664123
0.216369	0.66275
0.217369	0.661384
0.218368	0.660025
0.219367	0.658672
0.220367	0.657325
0.221366	0.655985
0.222366	0.654651
0.223365	0.653324
0.224365	0.652003
0.225364	0.650689
0.226364	0.649381
0.227363	0.648079
0.228363	0.646784
0.229362	0.645495
0.230361	0.644212
0.231361	0.642936
0.23236	0.641666
0.23336	0.640402
0.234359	0.639144
0.235359	0.637892
0.236358	0.636647
0.237358	0.635407
0.238357	0.634174
0.239357	0.632946
0.240356	0.631724
0.241355	0.630509
0.242355	0.629299
0.243354	0.628095
0.244354	0.626897
0.245353	0.625704
0.246353	0.624518
0.247352	0.623337
0.248352	0.622161
0.249351	0.620991
0.25035	0.619827
0.25135	0.618669
0.25135	0.618669
0.252349	0.617516
0.253349	0.616368
0.254348	0.615226
0.255348	0.61409
0.256347	0.612958
0.257347	0.611833
0.258346	0.610712
0.259346	0.609597
0.260345	0.608487
0.261344	0.607382
0.262344	0.606283
0.263343	0.605188
0.264343	0.604099
0.265342	0.603015
0.266342	0.601937
0.267341	0.600863
0.268341	0.599795
0.26934	0.598731
0.27034	0.597673
0.271339	0.596619
0.272338	0.595571
0.273338	0.594527
0.274337	0.593488
0.275337	0.592455
0.276336	0.591426
0.277336	0.590402
0.278335	0.589382
0.279335	0.588368
0.280334	0.587358
0.281334	0.586353
0.282333	0.585353
0.283332	0.584358
0.284332	0.583367
0.285331	0.58238
0.286331	0.581399
0.28733	0.580422
0.28833	0.579449
0.289329	0.578481
0.290329	0.577518
0.291328	0.576559
0.292327	0.575604
0.293327	0.574654
0.294326	0.573708
0.295326	0.572767
0.296325	0.57183
0.297325	0.570897
0.298324	0.569969
0.299324	0.569045
0.300323	0.568125
0.301323	0.567209
0.302322	0.566298
0.303321	0.56539
0.304321	0.564487
0.30532	0.563588
0.30632	0.562693
0.307319	0.561802
0.308319	0.560915
0.309318	0.560032
0.310318	0.559153
0.311317	0.558278
0.312317	0.557407
0.313316	0.55654
0.314315	0.555677
0.315315	0.554818
0.316314	0.553962
0.317314	0.553111
0.318313	0.552263
0.319313	0.551419
0.320312	0.550578
0.321312	0.549742
0.322311	0.548909
0.32331	0.54808
0.32431	0.547254
0.325309	0.546432
0.326309	0.545614
0.327308	0.544799
0.328308	0.543988
0.329307	0.54318
0.330307	0.542376
0.331306	0.541575
0.332306	0.540778
0.333305	0.539985
0.334304	0.539194
0.335304	0.538407
0.336303	0.537624
0.337303	0.536844
0.338302	0.536067
0.339302	0.535294
0.340301	0.534523
0.341301	0.533757
0.3423	0.532993
0.3433	0.532233
0.344299	0.531476
0.345298	0.530722
0.346298	0.529971
0.347297	0.529223
0.348297	0.528479
0.349296	0.527738
0.350296	0.527
0.351295	0.526264
0.352295	0.525532
0.353294	0.524803
0.354293	0.524077
0.355293	0.523354
0.356292	0.522634
0.357292	0.521917
0.358291	0.521203
0.359291	0.520492
0.36029	0.519784
0.36129	0.519079
0.362289	0.518376
0.363289	0.517677
0.364288	0.51698
0.365287	0.516286
0.366287	0.515595
0.367286	0.514907
0.368286	0.514221
0.369285	0.513539
0.370285	0.512859
0.371284	0.512181
0.372284	0.511507
0.373283	0.510835
0.374283	0.510165
0.374283	0.510165
0.375282	0.509499
0.376281	0.508835
0.377281	0.508174
0.37828	0.507515
0.37928	0.506859
0.380279	0.506205
0.381279	0.505554
0.382278	0.504905
0.383278	0.504259
0.384277	0.503616
0.385277	0.502975
0.386276	0.502337
0.387275	0.5017
0.388275	0.501067
0.389274	0.500436
0.390274	0.499807
0.391273	0.499181
0.392273	0.498557
0.393272	0.497935
0.394272	0.497316
0.395271	0.496699
0.396271	0.496084
0.39727	0.495472
0.398269	0.494862
0.399269	0.494255
0.400268	0.493649
0.401268	0.493046
0.402267	0.492445
0.403267	0.491846
0.404266	0.49125
0.405266	0.490655
0.406265	0.490063
0.407264	0.489473
0.408264	0.488885
0.409263	0.4883
0.410263	0.487716
0.411262	0.487135
0.412262	0.486556
0.413261	0.485979
0.414261	0.485404
0.41526	0.484831
0.41626	0.48426
0.417259	0.483691
0.418258	0.483124
0.419258	0.48256
0.420257	0.481997
0.421257	0.481436
0.422256	0.480877
0.423256	0.48032
0.424255	0.479765
0.425255	0.479212
0.426254	0.478661
0.427254	0.478112
0.428253	0.477565
0.429252	0.477019
0.430252	0.476476
0.431251	0.475935
0.432251	0.475396
0.43325	0.474858
0.43425	0.474323
0.435249	0.473789
0.436249	0.473258
0.437248	0.472728
0.438248	0.4722
0.439247	0.471673
0.440246	0.471148
0.441246	0.470625
0.442245	0.470103
0.443245	0.469583
0.444244	0.469064
0.445244	0.468546
0.446243	0.46803
0.447243	0.467515
0.448242	0.467003
0.449241	0.466492
0.450241	0.465982
0.45124	0.465475
0.45224	0.464971
0.453239	0.464468
0.454239	0.463968
0.455238	0.463471
0.456238	0.462976
0.457237	0.462483
0.458237	0.461992
0.459236	0.461504
0.460235	0.461016
0.461235	0.46053
0.462234	0.460044
0.463234	0.459559
0.464233	0.459073
0.465233	0.458587
0.466232	0.4581
0.467232	0.457613
0.468231	0.457126
0.469231	0.456639
0.47023	0.456154
0.471229	0.45567
0.472229	0.455189
0.473228	0.454711
0.474228	0.454238
0.475227	0.453769
0.476227	0.453306
0.477226	0.452848
0.478226	0.452394
0.479225	0.451945
0.480224	0.451498
0.481224	0.451051
0.482223	0.450604
0.483223	0.450153
0.484222	0.449698
0.485222	0.449235
0.486221	0.448766
0.487221	0.448289
0.48822	0.447806
0.48922	0.44732
0.490219	0.446832
0.491218	0.446347
0.492218	0.445867
0.493217	0.445396
0.494217	0.444938
0.495216	0.444494
0.496215	0.444065
0.497155	0.443679
0.497961	0.443366
0.498621	0.44311
0.499161	0.443034
0.49961	0.442852
0.5	0.442672
)
