(title "X Velocity")
(labels "Position" "X Velocity")

((xy/key/label "outlet")
0	0
0.0004	9.58267
0.0008	18.6924
0.0012	26.1651
0.0016	31.0742
0.002	33.5514
0.0024	34.4925
0.0028	34.7584
0.0032	34.8105
0.0036	34.8122
0.004	34.8044
0.0044	34.795
0.0048	34.7863
0.0052	34.7785
0.0056	34.7713
0.006	34.75
0.006	34.7501
0.006	34.7503
0.006	34.7506
0.006	34.751
0.006	34.7516
0.006	34.7524
0.006	34.7533
0.006	34.7542
0.006	34.7548
0.006	34.7552
0.006	34.7554
0.006	34.7555
0.006	34.7556
0.006	34.7556
0.006	34.7556
0.006	34.7557
0.006	34.7558
0.006	34.7558
0.006	34.7559
0.006	34.7559
0.006	34.756
0.006	34.756
0.006	34.7561
0.006	34.7561
0.006	34.7562
0.006	34.7562
0.006	34.7563
0.006	34.7563
0.006	34.7564
0.006	34.7564
0.006	34.7565
0.006	34.7565
0.006	34.7566
0.006	34.7567
0.006	34.7568
0.006	34.757
0.006	34.7573
0.006	34.7576
0.006	34.758
0.006	34.7585
0.006	34.7591
0.006	34.7597
0.006	34.7601
0.006	34.7601
0.006	34.7602
0.006	34.7602
0.006	34.7602
0.006	34.7603
0.006	34.7604
0.006	34.7604
0.006	34.7604
0.006	34.7605
0.006	34.7606
0.006	34.7606
0.006	34.7607
0.006	34.7608
0.006	34.7609
0.006	34.7609
0.006	34.7609
0.006	34.7609
0.006	34.761
0.006	34.7611
0.006	34.7612
0.006	34.7612
0.006	34.7612
0.006	34.7612
0.006	34.7613
0.006	34.7613
0.006	34.7614
0.006	34.7614
0.006	34.7615
0.006	34.7615
0.006	34.7615
0.006	34.7616
0.006	34.7616
0.006	34.7617
0.006	34.7617
0.006	34.7617
0.006	34.7617
0.006	34.7618
0.006	34.7618
0.006	34.7618
0.006	34.7618
0.006	34.7619
0.006	34.762
0.006	34.762
0.006	34.7621
0.006	34.7621
0.006	34.7622
0.006	34.7623
0.006	34.7623
0.006	34.7624
0.006	34.7624
0.006	34.7625
0.006	34.7625
0.006	34.7626
0.006	34.7627
0.006	34.7627
0.006	34.7628
0.006	34.7628
0.006	34.7629
0.006	34.7629
0.006	34.763
0.006	34.7631
0.006	34.7631
0.006	34.7631
0.006	34.7632
0.006	34.7632
0.006	34.7633
0.006	34.7633
0.006	34.7634
0.006	34.7634
0.006	34.7635
0.006	34.7635
0.006	34.7636
0.006	34.7637
0.006	34.7637
0.006	34.7638
0.006	34.7638
0.006	34.7639
0.006	34.7639
0.006	34.764
0.006	34.764
0.006	34.7641
0.006	34.7641
0.006	34.7642
0.006	34.7642
0.006	34.7643
0.006	34.7643
0.006	34.7644
0.006	34.7645
0.006	34.7645
0.006	34.7646
0.006	34.7646
0.006	34.7647
0.006	34.7647
0.006	34.7648
0.006	34.7648
0.006	34.7649
0.006	34.7649
0.006	34.765
0.006	34.765
0.006	34.7651
0.006	34.7651
0.006	34.7652
0.006	34.7652
0.006	34.7653
0.006	34.7653
0.006	34.7654
0.006	34.7654
0.006	34.7655
0.006	34.7655
0.006	34.7656
0.006	34.7656
0.006	34.7657
0.006	34.7657
0.006	34.7658
0.006	34.7658
0.006	34.7658
0.006	34.7659
0.006	34.7659
0.006	34.7659
0.006	34.766
0.006	34.766
0.006	34.7661
0.006	34.7661
0.006	34.7662
0.006	34.7662
0.006	34.7663
0.006	34.7663
0.006	34.7664
0.006	34.7664
0.006	34.7665
0.006	34.7665
0.006	34.7666
0.006	34.7666
0.006	34.7667
0.006	34.7667
0.006	34.7668
0.006	34.7668
0.006	34.7668
0.006	34.7669
0.006	34.7669
0.006	34.767
0.006	34.767
0.006	34.7671
0.006	34.7671
0.006	34.7672
0.006	34.7672
0.006	34.7673
0.006	34.7673
0.006	34.7673
0.006	34.7674
0.006	34.7674
0.006	34.7675
0.006	34.7675
0.006	34.7676
0.006	34.7676
0.006	34.7677
0.006	34.7677
0.006	34.7677
0.006	34.7678
0.006	34.7678
0.006	34.7679
0.006	34.7679
0.006	34.7679
0.006	34.7679
0.006	34.768
0.006	34.768
0.006	34.768
0.006	34.768
0.006	34.768
)
